345806.066,370346.101,10274.808
346089.783,370238.242,10046.164
346493.252,370208.590,9480.550
346803.174,370256.519,9263.948
349568.904,358535.639,8864.423
349886.877,353580.368,11110.149
350130.165,367325.981,10825.142
350267.915,350230.074,7942.876
350720.868,358678.595,7947.434
350872.911,366893.028,9624.995
350978.399,357741.776,9591.813
351096.616,366946.642,8092.424
351300.147,366652.570,8247.421
351420.044,350369.369,7025.505
351615.658,366460.075,8424.847
351872.833,358821.551,7030.444
351993.369,366751.372,6985.755
352292.300,376184.787,11340.889
352572.174,350508.665,6108.133
352658.278,365287.526,7281.332
352890.123,366556.103,5879.085
353109.833,369682.409,10981.639
353213.822,363681.295,7930.024
353361.076,369539.692,10945.214
353731.222,364966.500,6328.992
353892.274,369494.717,10913.430
354060.675,369348.068,11273.905
354077.089,369326.613,10310.894
354336.821,363777.266,10943.379
354366.096,363826.384,7013.711
354436.245,369452.402,9986.574
354728.711,353282.426,7689.424
354804.167,364645.473,5376.653
354845.605,369425.040,9700.784
354962.036,374252.395,8216.151
355055.580,368602.980,8214.086
355132.247,362545.179,8680.843
355155.029,369430.968,9755.494
355159.556,363810.228,9779.859
355222.060,367065.996,7208.955
355285.791,361830.726,7245.157
355306.006,362847.428,8557.994
355316.119,363831.314,4435.211
355381.441,366401.575,4490.760
355464.922,363793.806,6045.007
355525.191,362009.209,9928.283
355586.033,362063.418,10155.789
355614.361,363052.311,8569.814
355651.038,361747.525,2873.412
355695.750,362215.822,10440.844
355801.206,352956.309,6738.286
355843.807,363094.270,7171.187
356036.233,373935.020,7264.026
356041.397,360499.993,3515.600
356129.367,368283.215,7262.288
356348.152,364618.352,4754.130
356570.905,364350.251,4945.682
356573.425,367713.786,6234.008
356610.824,361642.388,9147.399
356670.644,364116.562,5181.085
356680.560,361007.476,6720.489
356855.508,367870.915,6211.467
356873.702,352630.191,5787.149
356942.452,362860.037,1922.471
356953.456,362682.368,5328.664
357087.623,362629.916,4969.507
357110.431,373617.644,6311.901
357139.844,362574.382,2035.489
357203.154,367963.450,6310.490
357500.292,364763.688,3837.602
357556.805,362653.376,4460.595
357559.551,362311.266,2480.313
357674.351,370393.246,3289.515
357677.767,357139.781,9725.915
357679.090,360914.162,5710.984
357684.491,361319.552,8196.558
357729.030,362109.558,2579.509
357772.402,370060.794,3496.065
357904.778,369393.224,3953.439
357931.883,363053.056,4266.601
358154.297,368655.684,4291.340
358216.229,368408.949,4418.732
358219.846,363317.077,4274.305
358272.018,367166.569,5594.771
358323.994,368332.410,4641.144
358475.132,368187.509,5076.614
358652.432,364909.025,2921.074
358709.993,367126.738,5803.959
358783.814,358205.271,2860.946
358796.142,354355.020,5996.417
358822.713,366609.146,6315.484
358828.054,351754.346,3185.540
358838.774,360907.498,3018.985
358926.607,371915.627,8407.878
358946.618,351109.561,7167.807
358957.795,356857.559,2684.996
359037.301,367334.199,5678.569
359093.475,370534.832,2502.446
359139.537,371776.902,8097.718
359176.930,351147.515,5769.139
359201.506,350268.222,1973.484
359206.814,358213.904,2909.034
359252.505,362801.445,3099.726
359257.499,360900.744,4647.317
359267.037,356977.713,2497.945
359269.658,362097.077,4889.474
359270.369,352148.757,4482.071
359288.126,359717.131,3546.371
359288.126,359717.131,3546.371
359291.845,354357.217,4783.183
359293.789,368327.556,3364.008
359293.789,368327.556,3364.008
359298.011,361479.955,4830.497
359301.961,366010.714,2088.069
359311.023,359893.426,3790.244
359316.839,350454.057,2071.100
359322.525,366186.514,6821.448
359325.313,363082.807,3270.524
359352.644,360419.233,4183.926
359357.896,359824.315,6446.305
359372.271,363461.754,3358.001
359386.889,365854.604,2095.549
359393.600,359693.672,6927.613
359397.680,359575.146,7174.785
359409.577,362424.131,4809.857
359439.068,368250.770,3635.599
359451.583,365553.355,2203.402
359477.107,366030.692,6945.366
359496.802,357043.002,2197.571
359501.975,363267.328,5886.240
359510.140,350741.044,2158.920
359517.417,371581.882,7569.916
359547.238,359720.845,5995.257
359594.471,366478.336,3158.095
359609.135,363778.053,8747.063
359621.434,365082.533,6235.913
359651.406,364404.296,1746.405
359671.676,371484.844,7208.342
359746.603,366089.980,10800.383
359806.349,367813.860,4124.579
359813.436,365472.960,5867.823
359853.715,359534.086,5647.129
359914.669,350460.074,4639.057
359940.301,367616.553,4336.652
359962.410,359216.371,2165.517
360025.621,349930.977,2937.410
360037.159,359285.938,5487.800
360044.732,365704.990,5506.716
360054.896,358334.252,2952.322
360080.282,358955.698,10643.184
360135.283,371178.537,5241.557
360135.283,371178.537,5241.557
360188.797,357013.418,3771.579
360223.082,371119.804,5539.194
360241.522,358943.569,4295.308
360416.744,371054.062,6008.806
360426.718,365664.424,4925.469
360491.522,365656.538,9601.734
360506.976,350578.168,1397.844
360524.696,363606.432,2441.696
360569.114,358899.102,4311.706
360607.891,365242.368,8130.073
360609.956,350389.873,1442.043
360707.572,365531.782,4542.626
360780.886,358850.594,4289.037
360874.666,358467.460,2724.996
360907.673,365257.491,8256.137
360926.957,350265.967,1792.997
360997.939,354897.848,5604.364
361045.339,368408.877,3622.484
361236.442,365223.097,8403.086
361349.508,349942.955,2027.808
361431.654,365275.773,6967.124
361435.195,350723.895,4300.499
361443.111,349978.680,1952.242
361452.552,349600.980,1948.759
361569.605,358430.399,1908.318
361637.693,365166.896,3083.794
361637.693,365166.896,3083.794
361677.098,358490.868,2280.580
361689.272,358169.801,6949.464
361702.579,364958.933,7104.748
361721.962,355225.697,3032.521
361723.043,369250.060,1356.276
361739.751,370404.559,2574.735
361759.704,350446.776,2816.470
361814.796,365062.183,1163.077
361896.565,358457.418,1958.005
361897.494,365156.202,3084.611
361913.516,367627.577,4435.576
361931.390,350724.680,3087.262
361939.218,348905.314,3021.830
361972.627,351698.721,8762.238
362007.585,358509.724,2889.548
362024.278,370251.699,1897.846
362060.422,370339.807,2074.364
362120.781,364630.128,5763.958
362152.018,365062.632,1275.711
362160.613,366001.800,4217.663
362167.352,357213.377,4440.262
362168.959,364540.246,7414.728
362175.806,356693.808,5852.668
362181.230,367490.766,4651.344
362186.588,359008.091,4802.260
362200.227,375580.902,4718.899
362223.878,364586.076,1735.055
362246.235,366847.894,1600.817
362251.716,372250.018,3247.101
362277.394,362244.757,2202.323
362278.642,365650.507,4367.039
362278.878,359851.986,5878.169
362286.026,371925.416,3031.693
362297.285,358175.557,3122.799
362297.588,357156.196,1750.851
362304.366,363842.898,1852.463
362318.952,359430.538,5917.124
362322.274,357050.087,1538.389
362330.345,364236.755,1832.510
362333.203,372586.213,3383.292
362351.202,370279.391,1947.665
362369.375,356458.925,6052.632
362375.077,365067.053,3272.199
362380.378,364436.951,7571.397
362394.134,357383.029,3025.908
362408.345,365392.601,948.204
362409.654,356790.691,1498.369
362411.325,364388.703,1819.922
362470.481,358606.052,5852.376
362471.185,365497.696,4471.487
362471.185,365497.696,4471.487
362471.733,367156.711,4883.756
362498.789,357676.390,2901.918
362513.158,358200.287,5786.461
362536.748,368526.257,10150.890
362560.321,368109.937,2511.852
362574.585,362214.342,2153.919
362586.090,369187.929,10500.542
362591.170,365256.957,1126.387
362593.486,367130.295,1748.608
362596.732,364662.362,1576.947
362597.769,356130.173,6599.803
362598.288,364402.831,3959.366
362617.691,363261.951,3007.482
362617.691,363261.951,3007.482
362624.491,364643.261,3668.597
362627.245,365962.987,6004.939
362645.638,368867.435,10323.010
362663.947,355997.191,6924.063
362703.827,362684.253,7285.358
362723.220,355772.274,2084.260
362727.111,364017.459,1768.511
362749.924,362040.370,2167.501
362773.734,363427.751,2976.902
362798.974,357638.853,2622.419
362802.876,367971.657,2355.965
362840.255,368748.427,4483.906
362841.988,366738.916,9083.857
362858.414,372156.796,7606.635
362858.414,372156.796,7606.635
362883.447,370898.872,3767.579
362885.983,370452.560,3254.735
362886.357,361523.039,4177.076
362895.309,371913.742,7501.632
362909.222,354200.681,3146.428
362928.765,371016.383,4112.756
362941.041,369694.795,3105.661
362952.390,365933.065,5918.064
362973.340,375146.180,3147.106
362977.794,366848.072,5058.019
362980.377,363769.306,2976.893
362990.450,369371.777,3115.139
363036.739,369501.931,6705.982
363047.753,361241.016,4401.337
363052.280,360961.610,4645.870
363060.128,353957.819,3408.093
363081.659,373735.116,2084.312
363083.011,367718.752,1949.118
363105.254,371410.421,6540.127
363121.928,363355.069,1012.359
363133.519,371530.788,7024.599
363147.143,363766.197,1281.876
363154.885,371523.342,6216.878
363171.671,363202.614,1050.910
363185.038,364107.366,1515.092
363185.260,372617.319,1847.115
363188.022,363367.598,1133.229
363198.811,368579.865,5767.082
363198.811,368579.865,5767.082
363199.688,366527.829,3030.722
363234.236,369192.760,3238.857
363236.275,367059.826,10312.944
363273.135,366400.099,5278.497
363292.208,356806.709,950.062
363311.881,366058.111,5593.826
363328.816,353446.251,3819.545
363349.588,374798.009,5693.713
363418.791,366638.129,2722.820
363420.145,363441.467,1165.336
363454.007,356522.631,1158.662
363590.281,359256.848,5404.604
363630.628,352960.528,4342.876
363731.089,361095.859,3289.861
363736.261,367801.734,1829.563
363739.057,363645.821,1558.375
363758.601,356269.863,1247.445
363764.971,352704.744,4548.601
363781.135,359099.750,5226.802
363800.481,356076.652,1358.607
363820.508,358872.569,4946.479
363839.624,368820.079,3708.774
364047.116,366901.612,2458.159
364134.571,368592.088,3915.049
364194.397,359619.865,3990.827
364270.231,363372.069,1761.606
364349.894,362864.579,1821.133
364390.751,363713.116,5340.868
364392.215,363477.661,1945.873
364396.347,364111.587,4922.819
364443.558,363407.036,5583.859
364449.514,367891.343,1417.119
364464.732,368658.212,2619.913
364477.525,362289.854,1348.927
364480.211,362498.613,1440.186
364574.206,367813.862,1293.245
364584.645,367022.475,2220.134
364596.639,364815.722,6216.069
364727.472,368050.596,1386.889
364745.020,355490.301,4444.482
364749.124,368527.967,2714.827
364799.796,364409.204,4588.402
364868.377,357845.701,5893.009
364876.167,361908.879,6341.567
364886.793,361721.473,6693.834
364941.895,368463.884,2869.459
364941.895,368463.884,2869.459
364997.400,370569.248,4148.452
365022.103,370233.840,4025.702
365022.546,362221.593,2998.923
365046.745,361460.283,7264.210
365057.126,364451.168,4455.160
365069.439,370894.804,4376.966
365074.178,361826.294,2800.911
365095.166,361151.059,7531.974
365133.884,361016.771,2333.288
365164.568,361185.343,2460.786
365179.812,367136.885,2550.688
365181.501,360801.590,2465.415
365232.075,354793.793,5516.590
365287.002,363117.893,4001.777
365291.896,355017.041,7537.283
365484.742,355107.335,1337.939
365499.353,353887.640,10376.796
365502.652,357356.208,3020.411
365517.957,354661.933,7501.502
365545.428,360142.502,2829.819
365595.385,357679.706,4697.505
365649.341,354546.441,1807.837
365663.577,360011.007,3016.483
365663.577,360011.007,3016.483
365679.985,358733.565,9210.538
365691.827,354279.581,8779.710
365691.827,354279.581,8779.710
365698.575,354284.100,7409.611
365699.753,366985.940,2804.419
365701.639,353576.423,2981.968
365717.780,353130.954,11567.821
365728.198,353503.874,9919.774
365739.676,353907.878,10162.284
365791.653,354775.919,1573.129
365835.078,362770.975,8053.261
365866.491,358777.538,3800.578
365874.782,353238.184,3178.980
365888.892,354259.695,10306.205
365947.981,353581.848,5882.962
365989.724,366651.803,3037.377
365995.155,353001.193,3246.114
366051.070,352771.369,3416.124
366058.863,368764.252,6224.529
366103.363,371273.905,7631.470
366107.568,369690.731,7182.879
366107.568,369690.731,7182.879
366107.568,369690.731,7182.879
366156.813,372754.748,3015.311
366163.337,366376.725,3006.728
366181.168,374170.773,3377.664
366187.488,354665.467,1569.595
366202.564,350956.707,4684.859
366237.689,369027.129,6013.810
366259.347,368230.921,1754.454
366267.384,361146.681,1724.687
366275.727,375506.241,10163.057
366299.428,375807.067,10335.790
366300.253,352514.200,3802.296
366312.100,367587.461,1781.183
366323.888,376167.563,10513.533
366336.691,371365.450,2156.784
366380.213,362048.560,5467.584
366409.106,361719.785,5317.074
366412.799,370014.126,3147.039
366413.221,368012.979,1878.291
366419.680,367396.040,1864.958
366457.786,362381.344,5667.032
366472.080,369304.267,5782.945
366506.785,360864.683,1909.690
366527.876,360168.162,4363.435
366528.592,365496.590,7273.419
366619.999,369822.236,2854.779
366654.753,370475.074,10191.092
366662.985,369550.456,9074.143
366706.231,360455.387,2083.869
366850.486,360188.046,2190.814
366873.678,369736.354,2624.608
366989.653,364584.497,3318.958
367105.678,369078.535,4077.382
367416.061,361870.288,4530.649
367829.581,343011.519,7439.366
367997.853,350467.877,10572.267
368114.560,350257.905,10861.284
368163.187,349906.605,11041.456
368427.519,341949.532,8260.353
368888.571,364693.407,2260.573
369028.205,358742.601,7518.823
369041.379,363146.829,8734.843
369119.857,369223.116,3026.078
369208.365,367372.176,3748.175
369216.699,367485.159,3366.561
369268.996,367288.299,4088.372
369283.953,369082.394,4454.020
369331.230,369743.505,4805.016
369367.769,369413.206,4659.121
369395.287,362098.235,5864.049
369395.534,366094.622,2509.588
369652.702,358467.875,10444.944
370140.502,357770.964,11515.672
370822.648,360692.652,6602.158
370989.215,360434.281,6787.817
371346.259,359908.368,7194.964
371679.393,359391.625,7566.281
371857.914,359128.669,7769.855
